{
 "cells": [
  {
   "cell_type": "code",
   "execution_count": 1,
   "metadata": {},
   "outputs": [],
   "source": [
    "import os\n",
    "import sys\n",
    "import numpy as np\n",
    "import cv2\n",
    "import yaml"
   ]
  },
  {
   "cell_type": "code",
   "execution_count": 2,
   "metadata": {},
   "outputs": [],
   "source": [
    "# 0:\n",
    "# - cam_R_m2c: [0.09506610, 0.98330897, -0.15512900, 0.74159598, -0.17391300, -0.64791101, -0.66407597, -0.05344890, -0.74575198]\n",
    "#   cam_t_m2c: [71.62781422, -158.20064191, 1050.77777823]\n",
    "#   obj_bb: [331, 130, 65, 64]\n",
    "#   obj_id: 6"
   ]
  },
  {
   "cell_type": "code",
   "execution_count": 3,
   "metadata": {},
   "outputs": [],
   "source": [
    "data_path = r\"/home/chris/Data/Projects/Pose Estimation/data/cube_2_sides\"\n",
    "image_path = os.path.join(data_path, \"images\")\n",
    "label_path = os.path.join(data_path, \"labels\")\n",
    "\n",
    "output_path = r\"/home/chris/Data/Projects/Pose Estimation/EfficientPose/data/xray/cube/01\"\n"
   ]
  },
  {
   "cell_type": "code",
   "execution_count": 4,
   "metadata": {},
   "outputs": [],
   "source": [
    "def find(str, ch):\n",
    "    for i, ltr in enumerate(str):\n",
    "        if ltr == ch:\n",
    "            yield i"
   ]
  },
  {
   "cell_type": "code",
   "execution_count": 5,
   "metadata": {},
   "outputs": [],
   "source": [
    "def convert_normalized_to_pixel_coordinates(x, y, width, height):\n",
    "    return int(x * width), int(y * height)"
   ]
  },
  {
   "cell_type": "code",
   "execution_count": 6,
   "metadata": {},
   "outputs": [],
   "source": [
    "def convert_center_bb_to_corner_bb(x, y, width, height):\n",
    "    return int(x - width / 2), int(y - height / 2), width, height\n"
   ]
  },
  {
   "cell_type": "code",
   "execution_count": 7,
   "metadata": {},
   "outputs": [],
   "source": [
    "def calculate_focal_length(system_focal_length, image_with=None, image_height=None, detector_width=None, detector_height=None):\n",
    "    focal_x = image_with/detector_width*system_focal_length\n",
    "    focal_y = image_height/detector_height*system_focal_length\n",
    "    return focal_x, focal_y"
   ]
  },
  {
   "cell_type": "code",
   "execution_count": 8,
   "metadata": {},
   "outputs": [],
   "source": [
    "def get_camera_intrinsic(u0, v0, fx, fy):\n",
    "    return np.array([[fx, 0.0, u0], [0.0, fy, v0], [0.0, 0.0, 1.0]])"
   ]
  },
  {
   "cell_type": "code",
   "execution_count": 9,
   "metadata": {},
   "outputs": [],
   "source": [
    "def extract_info(line):\n",
    "\n",
    "    first_part = line[:line.index(\"[[\")]\n",
    "    second_part = line[line.index(\"[[\"):]\n",
    "    first_part.split(\" \")\n",
    "    print(second_part)\n",
    "    rotation_string = second_part[second_part.index(\"[[\")+2:second_part.index(\"]]\")]\n",
    "    print(rotation_string.split(\" \"))\n",
    "    temp_list = []\n",
    "    for t_item in rotation_string.split(\" \"):\n",
    "        if t_item != \"\":\n",
    "            temp_list.append(t_item)\n",
    "    roation_list = []\n",
    "    roation_list.append(temp_list[0])\n",
    "    roation_list.append(temp_list[1])\n",
    "    roation_list.append(temp_list[2])\n",
    "\n",
    "    cam_R_m2c = cv2.Rodrigues(np.array(roation_list, dtype=np.float32))[0].flatten()\n",
    "    print(cam_R_m2c)\n",
    "\n",
    "    print(list(find(second_part, \"]\")))\n",
    "    print(second_part)\n",
    "    trans_string = second_part[second_part.index(\" [\")+2:  list(find(second_part, \"]\"))[2]]\n",
    "    print(trans_string)\n",
    "    temp_list = []\n",
    "    for t_item in trans_string.split(\" \"):\n",
    "        if t_item != \"\":\n",
    "            temp_list.append(t_item)\n",
    "\n",
    "    trans_list = []\n",
    "    trans_list.append(temp_list[0])\n",
    "    trans_list.append(temp_list[1])\n",
    "    trans_list.append(temp_list[2])\n",
    "\n",
    "    cam_t_m2c = np.array(trans_list, dtype=np.float32)\n",
    "    \n",
    "    coords_list = first_part.split(\" \")\n",
    "    print(coords_list)\n",
    "    print(coords_list[1:3])\n",
    "    print(coords_list[1+2*9:3+2*9])\n",
    "\n",
    "    center_x = float(coords_list[1])\n",
    "    center_y = float(coords_list[2])\n",
    "\n",
    "    width = float(coords_list[1+2*9])\n",
    "    height = float(coords_list[2+2*9])\n",
    "    print(f\"object width {width}, object height {height}\")\n",
    "\n",
    "    \n",
    "\n",
    "    focal_length = float(coords_list[3+2*9])\n",
    "    print(focal_length)\n",
    "    detector_width = float(coords_list[4+2*9])\n",
    "    print(detector_width)\n",
    "    detector_height = float(coords_list[5+2*9])\n",
    "    print(detector_height)\n",
    "    img_center_x = float(coords_list[6+2*9])\n",
    "    print(img_center_x)\n",
    "    img_center_y = float(coords_list[7+2*9])\n",
    "    print(img_center_y)\n",
    "    img_width = float(coords_list[8+2*9])\n",
    "    print(img_width)\n",
    "    img_height = float(coords_list[9+2*9])\n",
    "    print(img_height)\n",
    "\n",
    "    focal_x, focal_y = calculate_focal_length(focal_length, image_with=img_width, image_height=img_height, detector_width=detector_width, detector_height=detector_height)\n",
    "    fx                  = focal_x\n",
    "    fy                  = -focal_y\n",
    "\n",
    "    cam_matrix = get_camera_intrinsic(img_center_x, img_center_y, fx, fy).flatten()\n",
    "    obj_id = 0\n",
    "\n",
    "    center_x, center_y = convert_normalized_to_pixel_coordinates(center_x, center_y, img_width, img_height)\n",
    "    print(center_x, center_y)\n",
    "    \n",
    "    width, height = convert_normalized_to_pixel_coordinates(width, height, img_width, img_height)\n",
    "    print(width, height)\n",
    "\n",
    "    obj_bb = convert_center_bb_to_corner_bb(center_x, center_y, width, height)\n",
    "    print(obj_bb)\n",
    "\n",
    "    return cam_R_m2c, cam_t_m2c, cam_matrix, list(obj_bb), obj_id"
   ]
  },
  {
   "cell_type": "code",
   "execution_count": 10,
   "metadata": {},
   "outputs": [],
   "source": [
    "gt_dict = {}\n",
    "info_dict = {}"
   ]
  },
  {
   "cell_type": "code",
   "execution_count": 11,
   "metadata": {},
   "outputs": [
    {
     "name": "stdout",
     "output_type": "stream",
     "text": [
      "Screenshot 2022-05-26 15_41_58_226306.txt\n",
      "[[ 2.22535084  2.21226567 -0.02349527]] [ 0.00387468 -0.00126375  0.72971475]\n",
      "['', '2.22535084', '', '2.21226567', '-0.02349527']\n",
      "[ 0.00584418  0.9999504  -0.00806595  0.99989617 -0.00594975 -0.01312599\n",
      " -0.01317333 -0.0079884  -0.9998813 ]\n",
      "[37, 38, 76]\n",
      "[[ 2.22535084  2.21226567 -0.02349527]] [ 0.00387468 -0.00126375  0.72971475]\n",
      " 0.00387468 -0.00126375  0.72971475\n",
      "['0', '0.516347348690033', '0.5067536234855652', '0.4541677236557007', '0.5836224555969238', '0.4512031376361847', '0.5892781615257263', '0.5803930759429932', '0.5902818441390991', '0.578155517578125', '0.5845839381217957', '0.5811930894851685', '0.4265888035297394', '0.5789220929145813', '0.42748409509658813', '0.4519314467906952', '0.42563945055007935', '0.45486825704574585', '0.42657268047332764', '0.12998995', '0.1646424', '1.1699', '0.3799999952316284', '0.30000001192092896', '480.0', '371.0', '960', '742', '']\n",
      "['0.516347348690033', '0.5067536234855652']\n",
      "['0.12998995', '0.1646424']\n",
      "object width 0.12998995, object height 0.1646424\n",
      "1.1699\n",
      "0.3799999952316284\n",
      "0.30000001192092896\n",
      "480.0\n",
      "371.0\n",
      "960.0\n",
      "742.0\n",
      "495 376\n",
      "124 122\n",
      "(433, 315, 124, 122)\n",
      "(array([ 0.00584418,  0.9999504 , -0.00806595,  0.99989617, -0.00594975,\n",
      "       -0.01312599, -0.01317333, -0.0079884 , -0.9998813 ], dtype=float32), array([ 0.00387468, -0.00126375,  0.72971475], dtype=float32), array([ 2.95553688e+03,  0.00000000e+00,  4.80000000e+02,  0.00000000e+00,\n",
      "       -2.89355255e+03,  3.71000000e+02,  0.00000000e+00,  0.00000000e+00,\n",
      "        1.00000000e+00]), [433, 315, 124, 122], 0)\n",
      "[[ 2.22535084  2.21226567 -0.02349527]] [ 0.00387468 -0.00126375  0.72971475]\n",
      "['', '2.22535084', '', '2.21226567', '-0.02349527']\n",
      "[ 0.00584418  0.9999504  -0.00806595  0.99989617 -0.00594975 -0.01312599\n",
      " -0.01317333 -0.0079884  -0.9998813 ]\n",
      "[37, 38, 76]\n",
      "[[ 2.22535084  2.21226567 -0.02349527]] [ 0.00387468 -0.00126375  0.72971475]\n",
      " 0.00387468 -0.00126375  0.72971475\n",
      "['0', '0.516347348690033', '0.5067536234855652', '0.4541677236557007', '0.5836224555969238', '0.4512031376361847', '0.5892781615257263', '0.5803930759429932', '0.5902818441390991', '0.578155517578125', '0.5845839381217957', '0.5811930894851685', '0.4265888035297394', '0.5789220929145813', '0.42748409509658813', '0.4519314467906952', '0.42563945055007935', '0.45486825704574585', '0.42657268047332764', '0.12998995', '0.1646424', '1.1699', '0.3799999952316284', '0.30000001192092896', '480.0', '371.0', '960', '742', '']\n",
      "['0.516347348690033', '0.5067536234855652']\n",
      "['0.12998995', '0.1646424']\n",
      "object width 0.12998995, object height 0.1646424\n",
      "1.1699\n",
      "0.3799999952316284\n",
      "0.30000001192092896\n",
      "480.0\n",
      "371.0\n",
      "960.0\n",
      "742.0\n",
      "495 376\n",
      "124 122\n",
      "(433, 315, 124, 122)\n",
      "Screenshot 2022-05-26 15_42_33_787889.txt\n",
      "[[-1.07947763 -2.19532427 -0.22550461]] [-0.0285219   0.08361898  0.75668156]\n",
      "['-1.07947763', '-2.19532427', '-0.22550461']\n",
      "[-0.431912    0.7548061  -0.49367982  0.63868076  0.64244854  0.4234935\n",
      "  0.63681936 -0.13239187 -0.75956136]\n",
      "[37, 38, 76]\n",
      "[[-1.07947763 -2.19532427 -0.22550461]] [-0.0285219   0.08361898  0.75668156]\n",
      "-0.0285219   0.08361898  0.75668156\n",
      "['0', '0.38246601819992065', '0.0635322853922844', '0.3935610353946686', '0.19852186739444733', '0.32767364382743835', '0.1211898997426033', '0.4229699969291687', '0.015393278561532497', '0.4863329827785492', '0.0963178277015686', '0.3712581992149353', '-0.0728297010064125', '0.4345797002315521', '0.008693437092006207', '0.2786387801170349', '0.030759284272789955', '0.3443447947502136', '0.10883935540914536', '0.2076942', '0.27135158', '1.1848999999999998', '0.3799999952316284', '0.30000001192092896', '480.0', '371.0', '960', '742', '']\n",
      "['0.38246601819992065', '0.0635322853922844']\n",
      "['0.2076942', '0.27135158']\n",
      "object width 0.2076942, object height 0.27135158\n",
      "1.1848999999999998\n",
      "0.3799999952316284\n",
      "0.30000001192092896\n",
      "480.0\n",
      "371.0\n",
      "960.0\n",
      "742.0\n",
      "367 47\n",
      "199 201\n",
      "(267, -53, 199, 201)\n",
      "(array([-0.431912  ,  0.7548061 , -0.49367982,  0.63868076,  0.64244854,\n",
      "        0.4234935 ,  0.63681936, -0.13239187, -0.75956136], dtype=float32), array([-0.0285219 ,  0.08361898,  0.75668156], dtype=float32), array([ 2.99343162e+03,  0.00000000e+00,  4.80000000e+02,  0.00000000e+00,\n",
      "       -2.93065255e+03,  3.71000000e+02,  0.00000000e+00,  0.00000000e+00,\n",
      "        1.00000000e+00]), [267, -53, 199, 201], 0)\n",
      "[[-1.07947763 -2.19532427 -0.22550461]] [-0.0285219   0.08361898  0.75668156]\n",
      "['-1.07947763', '-2.19532427', '-0.22550461']\n",
      "[-0.431912    0.7548061  -0.49367982  0.63868076  0.64244854  0.4234935\n",
      "  0.63681936 -0.13239187 -0.75956136]\n",
      "[37, 38, 76]\n",
      "[[-1.07947763 -2.19532427 -0.22550461]] [-0.0285219   0.08361898  0.75668156]\n",
      "-0.0285219   0.08361898  0.75668156\n",
      "['0', '0.38246601819992065', '0.0635322853922844', '0.3935610353946686', '0.19852186739444733', '0.32767364382743835', '0.1211898997426033', '0.4229699969291687', '0.015393278561532497', '0.4863329827785492', '0.0963178277015686', '0.3712581992149353', '-0.0728297010064125', '0.4345797002315521', '0.008693437092006207', '0.2786387801170349', '0.030759284272789955', '0.3443447947502136', '0.10883935540914536', '0.2076942', '0.27135158', '1.1848999999999998', '0.3799999952316284', '0.30000001192092896', '480.0', '371.0', '960', '742', '']\n",
      "['0.38246601819992065', '0.0635322853922844']\n",
      "['0.2076942', '0.27135158']\n",
      "object width 0.2076942, object height 0.27135158\n",
      "1.1848999999999998\n",
      "0.3799999952316284\n",
      "0.30000001192092896\n",
      "480.0\n",
      "371.0\n",
      "960.0\n",
      "742.0\n",
      "367 47\n",
      "199 201\n",
      "(267, -53, 199, 201)\n",
      "Screenshot 2022-05-26 15_42_49_708961.txt\n",
      "[[-1.19226564 -2.27808144 -0.35210152]] [-0.00130151  0.01145481  0.74469022]\n",
      "['-1.19226564', '-2.27808144', '-0.35210152']\n",
      "[-0.46302414  0.81832486 -0.34051886  0.67733353  0.5744785   0.4595582\n",
      "  0.57168865 -0.0178583  -0.82027626]\n",
      "[37, 38, 76]\n",
      "[[-1.19226564 -2.27808144 -0.35210152]] [-0.00130151  0.01145481  0.74469022]\n",
      "-0.00130151  0.01145481  0.74469022\n",
      "['0', '0.49455034732818604', '0.4392463266849518', '0.4936559796333313', '0.5749945640563965', '0.44944825768470764', '0.5023400783538818', '0.5552096962928772', '0.40826311707496643', '0.5959702730178833', '0.4840640723705292', '0.4954543709754944', '0.30203309655189514', '0.5372229814529419', '0.37955111265182495', '0.3921833038330078', '0.394010066986084', '0.4372410476207733', '0.4685184061527252', '0.20378697', '0.27296147', '1.1848999999999998', '0.3799999952316284', '0.30000001192092896', '480.0', '371.0', '960', '742', '']\n",
      "['0.49455034732818604', '0.4392463266849518']\n",
      "['0.20378697', '0.27296147']\n",
      "object width 0.20378697, object height 0.27296147\n",
      "1.1848999999999998\n",
      "0.3799999952316284\n",
      "0.30000001192092896\n",
      "480.0\n",
      "371.0\n",
      "960.0\n",
      "742.0\n",
      "474 325\n",
      "195 202\n",
      "(376, 224, 195, 202)\n",
      "(array([-0.46302414,  0.81832486, -0.34051886,  0.67733353,  0.5744785 ,\n",
      "        0.4595582 ,  0.57168865, -0.0178583 , -0.82027626], dtype=float32), array([-0.00130151,  0.01145481,  0.74469024], dtype=float32), array([ 2.99343162e+03,  0.00000000e+00,  4.80000000e+02,  0.00000000e+00,\n",
      "       -2.93065255e+03,  3.71000000e+02,  0.00000000e+00,  0.00000000e+00,\n",
      "        1.00000000e+00]), [376, 224, 195, 202], 0)\n",
      "[[-1.19226564 -2.27808144 -0.35210152]] [-0.00130151  0.01145481  0.74469022]\n",
      "['-1.19226564', '-2.27808144', '-0.35210152']\n",
      "[-0.46302414  0.81832486 -0.34051886  0.67733353  0.5744785   0.4595582\n",
      "  0.57168865 -0.0178583  -0.82027626]\n",
      "[37, 38, 76]\n",
      "[[-1.19226564 -2.27808144 -0.35210152]] [-0.00130151  0.01145481  0.74469022]\n",
      "-0.00130151  0.01145481  0.74469022\n",
      "['0', '0.49455034732818604', '0.4392463266849518', '0.4936559796333313', '0.5749945640563965', '0.44944825768470764', '0.5023400783538818', '0.5552096962928772', '0.40826311707496643', '0.5959702730178833', '0.4840640723705292', '0.4954543709754944', '0.30203309655189514', '0.5372229814529419', '0.37955111265182495', '0.3921833038330078', '0.394010066986084', '0.4372410476207733', '0.4685184061527252', '0.20378697', '0.27296147', '1.1848999999999998', '0.3799999952316284', '0.30000001192092896', '480.0', '371.0', '960', '742', '']\n",
      "['0.49455034732818604', '0.4392463266849518']\n",
      "['0.20378697', '0.27296147']\n",
      "object width 0.20378697, object height 0.27296147\n",
      "1.1848999999999998\n",
      "0.3799999952316284\n",
      "0.30000001192092896\n",
      "480.0\n",
      "371.0\n",
      "960.0\n",
      "742.0\n",
      "474 325\n",
      "195 202\n",
      "(376, 224, 195, 202)\n",
      "Screenshot 2022-05-26 15_43_02_819496.txt\n",
      "[[-1.30536742 -2.36173724 -0.48584558]] [-0.02151414  0.05597738  0.77512282]\n",
      "['-1.30536742', '-2.36173724', '-0.48584558']\n",
      "[-0.4857178   0.8567964  -0.173142    0.71887976  0.50422907  0.47850284\n",
      "  0.49728274  0.10794908 -0.8608466 ]\n",
      "[37, 38, 76]\n",
      "[[-1.30536742 -2.36173724 -0.48584558]] [-0.02151414  0.05597738  0.77512282]\n",
      "-0.02151414  0.05597738  0.77512282\n",
      "['0', '0.41468748450279236', '0.21883347630500793', '0.40339183807373047', '0.34779074788093567', '0.37888023257255554', '0.2683624029159546', '0.4838525056838989', '0.1914902627468109', '0.5047968029975891', '0.27312779426574707', '0.4260954260826111', '0.08859407156705856', '0.4485189616680145', '0.17203740775585175', '0.322918564081192', '0.16353920102119446', '0.3487900495529175', '0.2448849081993103', '0.18187824', '0.25919667', '1.168', '0.3799999952316284', '0.30000001192092896', '480.0', '371.0', '960', '742', '']\n",
      "['0.41468748450279236', '0.21883347630500793']\n",
      "['0.18187824', '0.25919667']\n",
      "object width 0.18187824, object height 0.25919667\n",
      "1.168\n",
      "0.3799999952316284\n",
      "0.30000001192092896\n",
      "480.0\n",
      "371.0\n",
      "960.0\n",
      "742.0\n",
      "398 162\n",
      "174 192\n",
      "(311, 66, 174, 192)\n",
      "(array([-0.4857178 ,  0.8567964 , -0.173142  ,  0.71887976,  0.50422907,\n",
      "        0.47850284,  0.49728274,  0.10794908, -0.8608466 ], dtype=float32), array([-0.02151414,  0.05597738,  0.7751228 ], dtype=float32), array([ 2.95073688e+03,  0.00000000e+00,  4.80000000e+02,  0.00000000e+00,\n",
      "       -2.88885322e+03,  3.71000000e+02,  0.00000000e+00,  0.00000000e+00,\n",
      "        1.00000000e+00]), [311, 66, 174, 192], 0)\n",
      "[[-1.30536742 -2.36173724 -0.48584558]] [-0.02151414  0.05597738  0.77512282]\n",
      "['-1.30536742', '-2.36173724', '-0.48584558']\n",
      "[-0.4857178   0.8567964  -0.173142    0.71887976  0.50422907  0.47850284\n",
      "  0.49728274  0.10794908 -0.8608466 ]\n",
      "[37, 38, 76]\n",
      "[[-1.30536742 -2.36173724 -0.48584558]] [-0.02151414  0.05597738  0.77512282]\n",
      "-0.02151414  0.05597738  0.77512282\n",
      "['0', '0.41468748450279236', '0.21883347630500793', '0.40339183807373047', '0.34779074788093567', '0.37888023257255554', '0.2683624029159546', '0.4838525056838989', '0.1914902627468109', '0.5047968029975891', '0.27312779426574707', '0.4260954260826111', '0.08859407156705856', '0.4485189616680145', '0.17203740775585175', '0.322918564081192', '0.16353920102119446', '0.3487900495529175', '0.2448849081993103', '0.18187824', '0.25919667', '1.168', '0.3799999952316284', '0.30000001192092896', '480.0', '371.0', '960', '742', '']\n",
      "['0.41468748450279236', '0.21883347630500793']\n",
      "['0.18187824', '0.25919667']\n",
      "object width 0.18187824, object height 0.25919667\n",
      "1.168\n",
      "0.3799999952316284\n",
      "0.30000001192092896\n",
      "480.0\n",
      "371.0\n",
      "960.0\n",
      "742.0\n",
      "398 162\n",
      "174 192\n",
      "(311, 66, 174, 192)\n",
      "Screenshot 2022-05-26 15_43_19_784459.txt\n",
      "[[-1.42165758 -2.43157119 -0.6290771 ]] [0.00570236 0.01285024 0.70969136]\n",
      "['-1.42165758', '-2.43157119', '-0.6290771', '']\n",
      "[-0.49011308  0.8716572  -0.00169469  0.76147175  0.42910287  0.4858307\n",
      "  0.42420503  0.23682152 -0.8740513 ]\n",
      "[37, 38, 73]\n",
      "[[-1.42165758 -2.43157119 -0.6290771 ]] [0.00570236 0.01285024 0.70969136]\n",
      "0.00570236 0.01285024 0.70969136\n",
      "['0', '0.5248830914497375', '0.4289730489253998', '0.5000200867652893', '0.5676579475402832', '0.49979156255722046', '0.4869804382324219', '0.6165205240249634', '0.41432762145996094', '0.6124956011772156', '0.4968550503253937', '0.5499709844589233', '0.2890336215496063', '0.5483976602554321', '0.374611496925354', '0.43469005823135376', '0.3590916097164154', '0.43726715445518494', '0.4429757595062256', '0.18183047', '0.27862433', '1.1768', '0.3799999952316284', '0.30000001192092896', '480.0', '371.0', '960', '742', '']\n",
      "['0.5248830914497375', '0.4289730489253998']\n",
      "['0.18183047', '0.27862433']\n",
      "object width 0.18183047, object height 0.27862433\n",
      "1.1768\n",
      "0.3799999952316284\n",
      "0.30000001192092896\n",
      "480.0\n",
      "371.0\n",
      "960.0\n",
      "742.0\n",
      "503 318\n",
      "174 206\n",
      "(416, 215, 174, 206)\n",
      "(array([-0.49011308,  0.8716572 , -0.00169469,  0.76147175,  0.42910287,\n",
      "        0.4858307 ,  0.42420503,  0.23682152, -0.8740513 ], dtype=float32), array([0.00570236, 0.01285024, 0.70969135], dtype=float32), array([ 2.97296846e+03,  0.00000000e+00,  4.80000000e+02,  0.00000000e+00,\n",
      "       -2.91061855e+03,  3.71000000e+02,  0.00000000e+00,  0.00000000e+00,\n",
      "        1.00000000e+00]), [416, 215, 174, 206], 0)\n",
      "[[-1.42165758 -2.43157119 -0.6290771 ]] [0.00570236 0.01285024 0.70969136]\n",
      "['-1.42165758', '-2.43157119', '-0.6290771', '']\n",
      "[-0.49011308  0.8716572  -0.00169469  0.76147175  0.42910287  0.4858307\n",
      "  0.42420503  0.23682152 -0.8740513 ]\n",
      "[37, 38, 73]\n",
      "[[-1.42165758 -2.43157119 -0.6290771 ]] [0.00570236 0.01285024 0.70969136]\n",
      "0.00570236 0.01285024 0.70969136\n",
      "['0', '0.5248830914497375', '0.4289730489253998', '0.5000200867652893', '0.5676579475402832', '0.49979156255722046', '0.4869804382324219', '0.6165205240249634', '0.41432762145996094', '0.6124956011772156', '0.4968550503253937', '0.5499709844589233', '0.2890336215496063', '0.5483976602554321', '0.374611496925354', '0.43469005823135376', '0.3590916097164154', '0.43726715445518494', '0.4429757595062256', '0.18183047', '0.27862433', '1.1768', '0.3799999952316284', '0.30000001192092896', '480.0', '371.0', '960', '742', '']\n",
      "['0.5248830914497375', '0.4289730489253998']\n",
      "['0.18183047', '0.27862433']\n",
      "object width 0.18183047, object height 0.27862433\n",
      "1.1768\n",
      "0.3799999952316284\n",
      "0.30000001192092896\n",
      "480.0\n",
      "371.0\n",
      "960.0\n",
      "742.0\n",
      "503 318\n",
      "174 206\n",
      "(416, 215, 174, 206)\n",
      "Screenshot 2022-05-26 15_43_34_220035.txt\n",
      "[[-1.5381858  -2.49489108 -0.78405099]] [0.04177471 0.05748086 0.74085432]\n",
      "['-1.5381858', '', '-2.49489108', '-0.78405099']\n",
      "[-0.48164597  0.859125    0.17297778  0.80363053  0.3542509   0.4782094\n",
      "  0.34956414  0.36933786 -0.8610427 ]\n",
      "[37, 38, 73]\n",
      "[[-1.5381858  -2.49489108 -0.78405099]] [0.04177471 0.05748086 0.74085432]\n",
      "0.04177471 0.05748086 0.74085432\n",
      "['0', '0.6736280918121338', '0.1973838359117508', '0.6389104127883911', '0.3270829916000366', '0.6661949753761292', '0.24283070862293243', '0.7726459503173828', '0.18982389569282532', '0.7421157360076904', '0.27465400099754333', '0.7085462212562561', '0.06693601608276367', '0.6806004047393799', '0.1547544300556183', '0.6026533842086792', '0.11730760335922241', '0.5779268741607666', '0.20469054579734802', '0.19471908', '0.26014698', '1.1701000000000001', '0.3799999952316284', '0.30000001192092896', '480.0', '371.0', '960', '742', '']\n",
      "['0.6736280918121338', '0.1973838359117508']\n",
      "['0.19471908', '0.26014698']\n",
      "object width 0.19471908, object height 0.26014698\n",
      "1.1701000000000001\n",
      "0.3799999952316284\n",
      "0.30000001192092896\n",
      "480.0\n",
      "371.0\n",
      "960.0\n",
      "742.0\n",
      "646 146\n",
      "186 193\n",
      "(553, 49, 186, 193)\n",
      "(array([-0.48164597,  0.859125  ,  0.17297778,  0.80363053,  0.3542509 ,\n",
      "        0.4782094 ,  0.34956414,  0.36933786, -0.8610427 ], dtype=float32), array([0.04177471, 0.05748086, 0.7408543 ], dtype=float32), array([ 2.95604214e+03,  0.00000000e+00,  4.80000000e+02,  0.00000000e+00,\n",
      "       -2.89404722e+03,  3.71000000e+02,  0.00000000e+00,  0.00000000e+00,\n",
      "        1.00000000e+00]), [553, 49, 186, 193], 0)\n",
      "[[-1.5381858  -2.49489108 -0.78405099]] [0.04177471 0.05748086 0.74085432]\n",
      "['-1.5381858', '', '-2.49489108', '-0.78405099']\n",
      "[-0.48164597  0.859125    0.17297778  0.80363053  0.3542509   0.4782094\n",
      "  0.34956414  0.36933786 -0.8610427 ]\n",
      "[37, 38, 73]\n",
      "[[-1.5381858  -2.49489108 -0.78405099]] [0.04177471 0.05748086 0.74085432]\n",
      "0.04177471 0.05748086 0.74085432\n",
      "['0', '0.6736280918121338', '0.1973838359117508', '0.6389104127883911', '0.3270829916000366', '0.6661949753761292', '0.24283070862293243', '0.7726459503173828', '0.18982389569282532', '0.7421157360076904', '0.27465400099754333', '0.7085462212562561', '0.06693601608276367', '0.6806004047393799', '0.1547544300556183', '0.6026533842086792', '0.11730760335922241', '0.5779268741607666', '0.20469054579734802', '0.19471908', '0.26014698', '1.1701000000000001', '0.3799999952316284', '0.30000001192092896', '480.0', '371.0', '960', '742', '']\n",
      "['0.6736280918121338', '0.1973838359117508']\n",
      "['0.19471908', '0.26014698']\n",
      "object width 0.19471908, object height 0.26014698\n",
      "1.1701000000000001\n",
      "0.3799999952316284\n",
      "0.30000001192092896\n",
      "480.0\n",
      "371.0\n",
      "960.0\n",
      "742.0\n",
      "646 146\n",
      "186 193\n",
      "(553, 49, 186, 193)\n",
      "Screenshot 2022-05-26 15_43_50_174810.txt\n",
      "[[1.6171686  2.49468124 0.91460511]] [ 0.01966197 -0.00287475  0.71032066]\n",
      "['1.6171686', '', '2.49468124', '0.91460511']\n",
      "[-0.4590399   0.8246088   0.3306096   0.8428944   0.2866479   0.45537025\n",
      "  0.28073376  0.48770207 -0.82664096]\n",
      "[34, 35, 73]\n",
      "[[1.6171686  2.49468124 0.91460511]] [ 0.01966197 -0.00287475  0.71032066]\n",
      " 0.01966197 -0.00287475  0.71032066\n",
      "['0', '0.5851463675498962', '0.5157688856124878', '0.5398752093315125', '0.6459956169128418', '0.5857643485069275', '0.5737228393554688', '0.6925241947174072', '0.5243881344795227', '0.6439124345779419', '0.5968896746635437', '0.6305290460586548', '0.3852216601371765', '0.5845687389373779', '0.4615919291973114', '0.5237577557563782', '0.431027889251709', '0.48054254055023193', '0.5073723793029785', '0.21198165', '0.26077396', '1.1689', '0.3799999952316284', '0.30000001192092896', '480.0', '371.0', '960', '742', '']\n",
      "['0.5851463675498962', '0.5157688856124878']\n",
      "['0.21198165', '0.26077396']\n",
      "object width 0.21198165, object height 0.26077396\n",
      "1.1689\n",
      "0.3799999952316284\n",
      "0.30000001192092896\n",
      "480.0\n",
      "371.0\n",
      "960.0\n",
      "742.0\n",
      "561 382\n",
      "203 193\n",
      "(459, 285, 203, 193)\n",
      "(array([-0.4590399 ,  0.8246088 ,  0.3306096 ,  0.8428944 ,  0.2866479 ,\n",
      "        0.45537025,  0.28073376,  0.48770207, -0.82664096], dtype=float32), array([ 0.01966197, -0.00287475,  0.71032065], dtype=float32), array([ 2.95301056e+03,  0.00000000e+00,  4.80000000e+02,  0.00000000e+00,\n",
      "       -2.89107922e+03,  3.71000000e+02,  0.00000000e+00,  0.00000000e+00,\n",
      "        1.00000000e+00]), [459, 285, 203, 193], 0)\n",
      "[[1.6171686  2.49468124 0.91460511]] [ 0.01966197 -0.00287475  0.71032066]\n",
      "['1.6171686', '', '2.49468124', '0.91460511']\n",
      "[-0.4590399   0.8246088   0.3306096   0.8428944   0.2866479   0.45537025\n",
      "  0.28073376  0.48770207 -0.82664096]\n",
      "[34, 35, 73]\n",
      "[[1.6171686  2.49468124 0.91460511]] [ 0.01966197 -0.00287475  0.71032066]\n",
      " 0.01966197 -0.00287475  0.71032066\n",
      "['0', '0.5851463675498962', '0.5157688856124878', '0.5398752093315125', '0.6459956169128418', '0.5857643485069275', '0.5737228393554688', '0.6925241947174072', '0.5243881344795227', '0.6439124345779419', '0.5968896746635437', '0.6305290460586548', '0.3852216601371765', '0.5845687389373779', '0.4615919291973114', '0.5237577557563782', '0.431027889251709', '0.48054254055023193', '0.5073723793029785', '0.21198165', '0.26077396', '1.1689', '0.3799999952316284', '0.30000001192092896', '480.0', '371.0', '960', '742', '']\n",
      "['0.5851463675498962', '0.5157688856124878']\n",
      "['0.21198165', '0.26077396']\n",
      "object width 0.21198165, object height 0.26077396\n",
      "1.1689\n",
      "0.3799999952316284\n",
      "0.30000001192092896\n",
      "480.0\n",
      "371.0\n",
      "960.0\n",
      "742.0\n",
      "561 382\n",
      "203 193\n",
      "(459, 285, 203, 193)\n",
      "Screenshot 2022-05-26 15_44_02_669324.txt\n",
      "[[1.5773456  2.30742878 0.98473852]] [ 4.84978407e-02 -6.91220720e-04  7.26362804e-01]\n",
      "['1.5773456', '', '2.30742878', '0.98473852']\n",
      "[-0.42203566  0.7634366   0.4889278   0.88121235  0.21876982  0.41905198\n",
      "  0.21295696  0.6077041  -0.7650784 ]\n",
      "[34, 35, 85]\n",
      "[[1.5773456  2.30742878 0.98473852]] [ 4.84978407e-02 -6.91220720e-04  7.26362804e-01]\n",
      " 4.84978407e-02 -6.91220720e-04  7.26362804e-01\n",
      "['0', '0.7058916091918945', '0.5037170052528381', '0.6531915664672852', '0.6263906955718994', '0.7225748896598816', '0.5606276988983154', '0.8149269819259644', '0.5235294103622437', '0.7443944811820984', '0.5888252258300781', '0.7584708333015442', '0.3813246786594391', '0.6902664303779602', '0.4504154324531555', '0.6654991507530212', '0.4144318699836731', '0.5985113978385925', '0.4842053949832916', '0.21641558', '0.24506602', '1.1718000000000002', '0.3799999952316284', '0.30000001192092896', '480.0', '371.0', '960', '742', '']\n",
      "['0.7058916091918945', '0.5037170052528381']\n",
      "['0.21641558', '0.24506602']\n",
      "object width 0.21641558, object height 0.24506602\n",
      "1.1718000000000002\n",
      "0.3799999952316284\n",
      "0.30000001192092896\n",
      "480.0\n",
      "371.0\n",
      "960.0\n",
      "742.0\n",
      "677 373\n",
      "207 181\n",
      "(573, 282, 207, 181)\n",
      "(array([-0.42203566,  0.7634366 ,  0.4889278 ,  0.88121235,  0.21876982,\n",
      "        0.41905198,  0.21295696,  0.6077041 , -0.7650784 ], dtype=float32), array([ 4.8497841e-02, -6.9122075e-04,  7.2636282e-01], dtype=float32), array([ 2.96033688e+03,  0.00000000e+00,  4.80000000e+02,  0.00000000e+00,\n",
      "       -2.89825188e+03,  3.71000000e+02,  0.00000000e+00,  0.00000000e+00,\n",
      "        1.00000000e+00]), [573, 282, 207, 181], 0)\n",
      "[[1.5773456  2.30742878 0.98473852]] [ 4.84978407e-02 -6.91220720e-04  7.26362804e-01]\n",
      "['1.5773456', '', '2.30742878', '0.98473852']\n",
      "[-0.42203566  0.7634366   0.4889278   0.88121235  0.21876982  0.41905198\n",
      "  0.21295696  0.6077041  -0.7650784 ]\n",
      "[34, 35, 85]\n",
      "[[1.5773456  2.30742878 0.98473852]] [ 4.84978407e-02 -6.91220720e-04  7.26362804e-01]\n",
      " 4.84978407e-02 -6.91220720e-04  7.26362804e-01\n",
      "['0', '0.7058916091918945', '0.5037170052528381', '0.6531915664672852', '0.6263906955718994', '0.7225748896598816', '0.5606276988983154', '0.8149269819259644', '0.5235294103622437', '0.7443944811820984', '0.5888252258300781', '0.7584708333015442', '0.3813246786594391', '0.6902664303779602', '0.4504154324531555', '0.6654991507530212', '0.4144318699836731', '0.5985113978385925', '0.4842053949832916', '0.21641558', '0.24506602', '1.1718000000000002', '0.3799999952316284', '0.30000001192092896', '480.0', '371.0', '960', '742', '']\n",
      "['0.7058916091918945', '0.5037170052528381']\n",
      "['0.21641558', '0.24506602']\n",
      "object width 0.21641558, object height 0.24506602\n",
      "1.1718000000000002\n",
      "0.3799999952316284\n",
      "0.30000001192092896\n",
      "480.0\n",
      "371.0\n",
      "960.0\n",
      "742.0\n",
      "677 373\n",
      "207 181\n",
      "(573, 282, 207, 181)\n",
      "Screenshot 2022-05-26 15_44_23_883214.txt\n",
      "[[-1.17130728 -2.24308646 -0.03560954]] [-0.01891966  0.04121024  0.72995308]\n",
      "['-1.17130728', '-2.24308646', '-0.03560954']\n",
      "[-0.42947415  0.7543331  -0.49652144  0.73819214  0.6099523   0.28815022\n",
      "  0.52021563 -0.24277516 -0.8188015 ]\n",
      "[37, 38, 76]\n",
      "[[-1.17130728 -2.24308646 -0.03560954]] [-0.01891966  0.04121024  0.72995308]\n",
      "-0.01891966  0.04121024  0.72995308\n",
      "['0', '0.4191941022872925', '0.27705520391464233', '0.43095970153808594', '0.41083091497421265', '0.3634973168373108', '0.3599170744419098', '0.46198955178260803', '0.2561524510383606', '0.5268136858940125', '0.3110615313053131', '0.40716373920440674', '0.14026959240436554', '0.472436785697937', '0.19784432649612427', '0.31132736802101135', '0.24297074973583221', '0.37909314036369324', '0.29664188623428345', '0.21548632', '0.27056134', '1.1847', '0.3799999952316284', '0.30000001192092896', '480.0', '371.0', '960', '742', '']\n",
      "['0.4191941022872925', '0.27705520391464233']\n",
      "['0.21548632', '0.27056134']\n",
      "object width 0.21548632, object height 0.27056134\n",
      "1.1847\n",
      "0.3799999952316284\n",
      "0.30000001192092896\n",
      "480.0\n",
      "371.0\n",
      "960.0\n",
      "742.0\n",
      "402 205\n",
      "206 200\n",
      "(299, 105, 206, 200)\n",
      "(array([-0.42947415,  0.7543331 , -0.49652144,  0.73819214,  0.6099523 ,\n",
      "        0.28815022,  0.52021563, -0.24277516, -0.8188015 ], dtype=float32), array([-0.01891966,  0.04121024,  0.72995305], dtype=float32), array([ 2.99292635e+03,  0.00000000e+00,  4.80000000e+02,  0.00000000e+00,\n",
      "       -2.93015788e+03,  3.71000000e+02,  0.00000000e+00,  0.00000000e+00,\n",
      "        1.00000000e+00]), [299, 105, 206, 200], 0)\n",
      "[[-1.17130728 -2.24308646 -0.03560954]] [-0.01891966  0.04121024  0.72995308]\n",
      "['-1.17130728', '-2.24308646', '-0.03560954']\n",
      "[-0.42947415  0.7543331  -0.49652144  0.73819214  0.6099523   0.28815022\n",
      "  0.52021563 -0.24277516 -0.8188015 ]\n",
      "[37, 38, 76]\n",
      "[[-1.17130728 -2.24308646 -0.03560954]] [-0.01891966  0.04121024  0.72995308]\n",
      "-0.01891966  0.04121024  0.72995308\n",
      "['0', '0.4191941022872925', '0.27705520391464233', '0.43095970153808594', '0.41083091497421265', '0.3634973168373108', '0.3599170744419098', '0.46198955178260803', '0.2561524510383606', '0.5268136858940125', '0.3110615313053131', '0.40716373920440674', '0.14026959240436554', '0.472436785697937', '0.19784432649612427', '0.31132736802101135', '0.24297074973583221', '0.37909314036369324', '0.29664188623428345', '0.21548632', '0.27056134', '1.1847', '0.3799999952316284', '0.30000001192092896', '480.0', '371.0', '960', '742', '']\n",
      "['0.4191941022872925', '0.27705520391464233']\n",
      "['0.21548632', '0.27056134']\n",
      "object width 0.21548632, object height 0.27056134\n",
      "1.1847\n",
      "0.3799999952316284\n",
      "0.30000001192092896\n",
      "480.0\n",
      "371.0\n",
      "960.0\n",
      "742.0\n",
      "402 205\n",
      "206 200\n",
      "(299, 105, 206, 200)\n",
      "Screenshot 2022-05-26 15_44_35_770941.txt\n",
      "[[-1.2741523  -2.34843816 -0.15576874]] [-0.00379647  0.0420801   0.72776195]\n",
      "['-1.2741523', '', '-2.34843816', '-0.15576874']\n",
      "[-0.46450672  0.81720334 -0.34119228  0.7649809   0.5643757   0.31029704\n",
      "  0.44613642 -0.11687052 -0.88730127]\n",
      "[37, 38, 76]\n",
      "[[-1.2741523  -2.34843816 -0.15576874]] [-0.00379647  0.0420801   0.72776195]\n",
      "-0.00379647  0.0420801   0.72776195\n",
      "['0', '0.4842059314250946', '0.27825552225112915', '0.4836758077144623', '0.40890753269195557', '0.439385324716568', '0.3551742732524872', '0.5442188382148743', '0.26248517632484436', '0.5849122405052185', '0.3198433220386505', '0.4847484230995178', '0.14456307888031006', '0.5268337726593018', '0.20509986579418182', '0.38214433193206787', '0.23610804975032806', '0.427676796913147', '0.2931104302406311', '0.20276791', '0.26434445', '1.1505', '0.3799999952316284', '0.30000001192092896', '480.0', '371.0', '960', '742', '']\n",
      "['0.4842059314250946', '0.27825552225112915']\n",
      "['0.20276791', '0.26434445']\n",
      "object width 0.20276791, object height 0.26434445\n",
      "1.1505\n",
      "0.3799999952316284\n",
      "0.30000001192092896\n",
      "480.0\n",
      "371.0\n",
      "960.0\n",
      "742.0\n",
      "464 206\n",
      "194 196\n",
      "(367, 108, 194, 196)\n",
      "(array([-0.46450672,  0.81720334, -0.34119228,  0.7649809 ,  0.5643757 ,\n",
      "        0.31029704,  0.44613642, -0.11687052, -0.88730127], dtype=float32), array([-0.00379647,  0.0420801 ,  0.7277619 ], dtype=float32), array([ 2.90652635e+03,  0.00000000e+00,  4.80000000e+02,  0.00000000e+00,\n",
      "       -2.84556989e+03,  3.71000000e+02,  0.00000000e+00,  0.00000000e+00,\n",
      "        1.00000000e+00]), [367, 108, 194, 196], 0)\n",
      "[[-1.2741523  -2.34843816 -0.15576874]] [-0.00379647  0.0420801   0.72776195]\n",
      "['-1.2741523', '', '-2.34843816', '-0.15576874']\n",
      "[-0.46450672  0.81720334 -0.34119228  0.7649809   0.5643757   0.31029704\n",
      "  0.44613642 -0.11687052 -0.88730127]\n",
      "[37, 38, 76]\n",
      "[[-1.2741523  -2.34843816 -0.15576874]] [-0.00379647  0.0420801   0.72776195]\n",
      "-0.00379647  0.0420801   0.72776195\n",
      "['0', '0.4842059314250946', '0.27825552225112915', '0.4836758077144623', '0.40890753269195557', '0.439385324716568', '0.3551742732524872', '0.5442188382148743', '0.26248517632484436', '0.5849122405052185', '0.3198433220386505', '0.4847484230995178', '0.14456307888031006', '0.5268337726593018', '0.20509986579418182', '0.38214433193206787', '0.23610804975032806', '0.427676796913147', '0.2931104302406311', '0.20276791', '0.26434445', '1.1505', '0.3799999952316284', '0.30000001192092896', '480.0', '371.0', '960', '742', '']\n",
      "['0.4842059314250946', '0.27825552225112915']\n",
      "['0.20276791', '0.26434445']\n",
      "object width 0.20276791, object height 0.26434445\n",
      "1.1505\n",
      "0.3799999952316284\n",
      "0.30000001192092896\n",
      "480.0\n",
      "371.0\n",
      "960.0\n",
      "742.0\n",
      "464 206\n",
      "194 196\n",
      "(367, 108, 194, 196)\n",
      "Screenshot 2022-05-26 15_44_53_038408.txt\n",
      "[[-1.37785633 -2.44726844 -0.28487668]] [-0.02030563  0.01758496  0.7527938 ]\n",
      "['-1.37785633', '-2.44726844', '-0.28487668']\n",
      "[-0.48516     0.85661256 -0.17559806  0.79337335  0.5156587   0.32350403\n",
      "  0.36766627  0.01763639 -0.92979056]\n",
      "[37, 38, 76]\n",
      "[[-1.37785633 -2.44726844 -0.28487668]] [-0.02030563  0.01758496  0.7527938 ]\n",
      "-0.02030563  0.01758496  0.7527938 \n",
      "['0', '0.41570010781288147', '0.4075271189212799', '0.4045392870903015', '0.5359111428260803', '0.3784483075141907', '0.484868586063385', '0.4880160391330719', '0.4014008641242981', '0.5100753903388977', '0.4554654359817505', '0.42710578441619873', '0.2763268053531647', '0.45104947686195374', '0.3341355323791504', '0.3191188871860504', '0.35846832394599915', '0.3469807803630829', '0.4133487045764923', '0.1909565', '0.25958434', '1.1876', '0.3799999952316284', '0.30000001192092896', '480.0', '371.0', '960', '742', '']\n",
      "['0.41570010781288147', '0.4075271189212799']\n",
      "['0.1909565', '0.25958434']\n",
      "object width 0.1909565, object height 0.25958434\n",
      "1.1876\n",
      "0.3799999952316284\n",
      "0.30000001192092896\n",
